[[0.04157462 0.02923209 0.02737023 0.02731998 0.02732    0.02732
  0.02731995 0.02731997 0.02732   ]
 [0.04157462 0.02923209 0.02737023 0.02731998 0.02732    0.02732
  0.02731995 0.02731997 0.02732   ]
 [0.04157462 0.02923209 0.02737023 0.02731998 0.02732    0.02732
  0.02731995 0.02731997 0.02732   ]
 [0.04157462 0.02923209 0.02737023 0.02731998 0.02732    0.02732
  0.02731995 0.02731997 0.02732   ]
 [0.04157462 0.02923209 0.02737023 0.02731998 0.02732    0.02732
  0.02731995 0.02731997 0.02732   ]
 [0.04157462 0.02923209 0.02737023 0.02731998 0.02732    0.02732
  0.02731995 0.02731997 0.02732   ]
 [0.04157462 0.02923209 0.02737023 0.02731998 0.02732    0.02732
  0.02731995 0.02731997 0.02732   ]
 [0.04157462 0.02923209 0.02737023 0.02731998 0.02732    0.02732
  0.02731995 0.02731997 0.02732   ]
 [0.04157462 0.02923209 0.02737023 0.02731998 0.02732    0.02732
  0.02731995 0.02731997 0.02732   ]]