[[0.04536897 0.06190208 0.06836358 0.07483498 0.08945711 0.09591532
  0.10239586 0.11731103 0.12366456]
 [0.04536897 0.06190208 0.06836358 0.07483498 0.08945711 0.09591532
  0.10239586 0.11731103 0.12366456]
 [0.04536897 0.06190208 0.06836358 0.07483498 0.08945711 0.09591532
  0.10239586 0.11731103 0.12366456]
 [0.04536897 0.06190208 0.06836358 0.07483498 0.08945711 0.09591532
  0.10239586 0.11731103 0.12366456]
 [0.04536897 0.06190208 0.06836358 0.07483498 0.08945711 0.09591532
  0.10239586 0.11731103 0.12366456]
 [0.04536897 0.06190208 0.06836358 0.07483498 0.08945711 0.09591532
  0.10239586 0.11731103 0.12366456]
 [0.04536897 0.06190208 0.06836358 0.07483498 0.08945711 0.09591532
  0.10239586 0.11731103 0.12366456]
 [0.04536897 0.06190208 0.06836358 0.07483498 0.08945711 0.09591532
  0.10239586 0.11731103 0.12366456]
 [0.04536897 0.06190208 0.06836358 0.07483498 0.08945711 0.09591532
  0.10239586 0.11731103 0.12366456]]