[[0.03280343 0.02532315 0.02542778 0.02602804 0.02780043 0.02831316
  0.0288605  0.03062979 0.03114521]
 [0.03280343 0.02532315 0.02542778 0.02602804 0.02780043 0.02831316
  0.0288605  0.03062979 0.03114521]
 [0.03280343 0.02532315 0.02542778 0.02602804 0.02780043 0.02831316
  0.0288605  0.03062979 0.03114521]
 [0.03280343 0.02532315 0.02542778 0.02602804 0.02780043 0.02831316
  0.0288605  0.03062979 0.03114521]
 [0.03280343 0.02532315 0.02542778 0.02602804 0.02780043 0.02831316
  0.0288605  0.03062979 0.03114521]
 [0.03280343 0.02532315 0.02542778 0.02602804 0.02780043 0.02831316
  0.0288605  0.03062979 0.03114521]
 [0.03280343 0.02532315 0.02542778 0.02602804 0.02780043 0.02831316
  0.0288605  0.03062979 0.03114521]
 [0.03280343 0.02532315 0.02542778 0.02602804 0.02780043 0.02831316
  0.0288605  0.03062979 0.03114521]
 [0.03280343 0.02532315 0.02542778 0.02602804 0.02780043 0.02831316
  0.0288605  0.03062979 0.03114521]]